114.8293
102.8001
117.6894
134.2721
100.9836
100.9839
135.3364
119.9579
96.5256
115.6978
96.6404
96.5966
110.0032
69.1738
72.7422
94.7673
86.2321
111.3726
88.2176
78.6644
133.1850
101.1423
106.6987
78.4287
95.1065
107.5208
83.6148
112.5368
94.0408
99.8935
94.0206
140.5094
105.1638
85.3819
121.0019
82.2915
109.3762
68.2950
80.2580
109.1488
119.4091
108.6659
103.2286
99.7153
77.4100
91.7826
96.6930
125.4458
111.9290
72.0200
111.5590
98.1244
92.5957
117.0072
124.9509
123.0618
89.5211
99.5617
111.6950
123.9004
96.3419
101.9023
84.4608
82.7582
120.8121
131.1124
104.0553
124.4306
112.2704
93.1981
112.2658
134.5564
104.7408
135.0604
55.7904
120.9898
107.0685
99.7550
107.1578
67.7665
101.2579
112.1847
133.4170
95.6012
90.1032
95.9140
122.7610
111.6474
95.3835
115.1429
107.2585
123.7697
92.1196
99.2121
97.9913
77.6943
111.0292
110.3649
105.5163
100.9754
78.6063
97.4506
98.9270
90.2209
102.3640
113.0739
141.1518
108.7267
110.2985
104.0091
69.0698
104.9172
106.5605
152.0837
101.7753
111.1320
104.7619
83.2797
127.0694
119.6642
120.4049
88.1918
131.9943
78.8625
116.5370
146.9160
86.6545
94.6914
107.3073
95.8815
76.0433
106.7183
85.2949
114.3913
88.0017
134.7818
90.5813
99.3182
120.8309
82.1017
109.7285
130.1823
74.9669
108.9172
110.3427
120.2305
81.9864
80.4044
115.3072
111.0456
110.1648
111.9826
92.5369
109.8193
110.9715
91.8866
140.7651
114.3959
82.8511
117.8574
86.9549
120.3302
127.3682
89.8723
123.6699
113.2393
120.9927
141.3527
100.7708
91.1405
88.5683
89.9645
103.9588
111.8823
110.6611
121.0898
105.6658
132.9555
100.4057
156.9510
